alpha: 0.5516660213470459
days: 1.0192768573760986
r_s: 0.3986155092716217
r_dth: 0.5003265738487244
p_dth: 0.16041316092014313
r_dthdecay: 2.300929069519043
k1: 0.09910982102155685
k2: 222.3224334716797
jump: 4.0982232093811035
t_jump: 101.73148345947266
std_normal: 1.0083847045898438
k3: 0.04908880218863487

