alpha: 0.650397539138794
days: 0.9364407062530518
r_s: 0.4113236963748932
r_dth: 0.5276878476142883
p_dth: 0.15621599555015564
r_dthdecay: 2.2146899700164795
k1: 0.10608337074518204
k2: 216.34645080566406
jump: 3.9636993408203125
t_jump: 108.16010284423828
std_normal: 0.8461719155311584
k3: 0.04689951241016388

