alpha: 0.6268608570098877
days: 0.9639126658439636
r_s: 0.4045688807964325
r_dth: 0.5251097679138184
p_dth: 0.16498933732509613
r_dthdecay: 2.0271804332733154
k1: 0.1057690754532814
k2: 222.8937225341797
jump: 4.126863956451416
t_jump: 109.3681411743164
std_normal: 0.7744179964065552
k3: 0.04976896196603775

