alpha: 0.7675954103469849
days: 1.0611448287963867
r_s: 0.44174981117248535
r_dth: 0.49415138363838196
p_dth: 0.15935002267360687
r_dthdecay: 2.16052508354187
k1: 0.09672679752111435
k2: 221.83433532714844
jump: 4.065576076507568
t_jump: 101.51272583007812
std_normal: 0.9944272041320801
k3: 0.0506768524646759

