alpha: 0.5568274855613708
days: 1.016103744506836
r_s: 0.3951452970504761
r_dth: 0.49932536482810974
p_dth: 0.16102702915668488
r_dthdecay: 2.3046083450317383
k1: 0.09904409945011139
k2: 221.72235107421875
jump: 4.089188098907471
t_jump: 101.31317138671875
std_normal: 1.0073548555374146
k3: 0.049107786267995834

